840 · 1119101111919119111919111. Ν

011, Alex. Iulianus 9111191939- (11.1..111ιΙ Iulianus etprolego·
ed. Aub. 611.N611m8nn menon 911. Aub. amomum menon

1³³8· 8²8· 1³⁸8· 1²⁸8· 1¹²8· 11⁸8·

1911 199 111 19911 119 119
1991 199 111 199 01 , 111 119
1991 199 111 19911 111 119
199111 199 111119 1990 818 118
1191 191 119119 99111) 119 119
119110 191 119 9911 119 119
111110 191 111 99911 - 818 119
111 1 191 119 91111 880 118
888 A 805 116 814 ODE 119 119
11401 199 116 91911 111 119
1111 191 111 9191 ¹ 881 180
1190 191 119 91910 111 119
119111 191199 119 91101) 199 111113
1991 199 119 9111 111 119
1991 191 9191191 91110 111 119
1911. 111 p. 327 ΑΒ 223 121
119 1, 11 9110 114 111
19110 199 . 119 919101) 111 111
· 1911) 191 119 991101) 111 111
«19911 191 119 9191 886 181
1990111 199 119 1191 119 111
1111 199 119 9190 111 111
1111011 199 119 9191 111 111
1191 119 119 9411 111 111 “
1191 199 119199 9111 111 111
11911 · 119 119 91110 119 111
119 01) 111 119 911 A 888 188
1191 111 119 91110 · 119 111
1111 111 119 91111 119199 111119
19110 119 119 9111 119 111
191 11 111 119 91410 199 111
119 1 111 119 919 0 199 111ι
1111 111 119 919 111 191 111
199101) 111 119 9111 191 111
1991 119 119· 919 0191 191 111
1911 119 119 9911) 199 188188

Cyr. Alex. 9, Iul. fg. 3 234 127 Ρ11911111 quaest. Amphil.
‚ ‚‚ ,‚ fg. 19 199 191 101 Herg. 191 191
,, ,, fg. 20 236 132 Suidas εἰ v, ἀπόνοια 238 137

,, ,, fg. 31 836 133 Theodor. Mops. comm.

„ „ „ fg 39 236 133 in 188. ed.I⁴¹1itzsche
‚‚ ,, fg. 19 191 191 p. 18 191 119
Ifieron. comm. in Osee ‚‚ ,, p. 11 236 129
1111119111 191 199 ,, ,, p. 15 191 119
Η lisslMcfftltIhI. 884 189 :J ἰ, E. {g {gi 1ἓὲ

,111911 199 199

 

