111. INDEX 17014117717. 243

Rom. 11. Cor.
3, 29 .......... 177,141 6,11 .......... 209,13
1,11.11..,,,.α1.118,11 8,1.18 .......α1.188,1
18, 4 .......... 111, 18 οα1. .
14, 20 .......... 18118 115 .......... 11111
1. Thessal.

1001. 4,181qq.. . ,111, 137,9, 23817
6,9 . ' ,,,,,,,,, 209,10 Hebr.

0,10 .......... 18811 12, 28 ......... 1881

————-—--

111. 118111611111711.

Ἀαρών 188,18, 111,11. 21. 2. 8, 111,1 8, 118,11, 181, 18,
Ἀρελ 111, 8, 118, 8. 180, 2. 8, 181, 1, 188, 1. 8. 10;
Ἁβραάμ 188, 18, 111, 1, 1181. 8, 187, 8, 1881, 181, 11. 11, 188,
230, 6. 9. 11. 13, 231,4 5. 0. 1. 4. ὅ, 206, 1, 207, 17, 208,10,
13, 23313. 17. 221,19.
Ἀγηείλαο( 191,16. Ἐζεκία( 214, 17.
Ἀδάμ 181, 11, 18818, 111, 7. Ἐλεάζαρ 188, 12.
Ἀθηνᾶ 111, 11, 208, 14. Ἕλληνες 181,1, 8. 11, 18811, 181,
Αἰακός 188, 1. 1, 8, 188, 1, 111, 11, 188, 8, 188,
Αἰγαί 118, 8. 8. 18, 1912181 181, 11, 188,
Αἴγυπτος 188, 18, 188, 1, 181, 1, 1111, 210, 18. 18.
181118. Ἑλληνικός 188, 1, 188,,11, 188, 14.
Αἰγύπτιοι 180,11; 193, 4. 13; 187, 4; Ἑλληνίς 223, 6.
188, 11, 111, 1, 188,1. ἐναα 188, 11.
Αἰθίοπες 188,11. Ἑρμῆς 11811, 188, 8, 188,11.
Αἰνεία( 180,15. Ἐπίδαυρος 187,10.
Ἀλέξανδρος 202,10. Ἔεδραε 237, 21.
Ἀλωάδαι 182, 5. ‘Gcnkptoc 181, 2.
Ἀνάχαραε 181, 1. Εὔα 168, 3.
Ἀπόλλων 200,11. Εὐεέβιο( 293, 2.
Ἀρη( 178,13; 196, 8, 200,12.
Ἀριετείδη( 194, 15. Ζεύ( 167, 4, 175, 18, 185, 8. 12. 13,
Ἀρχίδαμος 181, 18. 185, 20; 180, 8. 8. 8, 181, 8. 10.
Ἀααηαιόα 181, 11, 200,10.11; 181 11, 188, 11, 181, 0.
Acc1'10101 193, 7, 291, 3. Ἠλέκτρα 180,12.
Ατλαντίε 198,12. Heli (Ἡλεί) 234, 6.
. Ἠλίας 181, 10. 11, 111, 1, 188, 1,
Βαβυλών 194, 3. 234, 20·
Βεελφετώρ 190, 9· Ἡααῑαα 214, 8, 118, 1.
31199919 188, 5· Ἥφαιετο( 206, 13.
Βηθεαιδά 199, 0.
31110( 103, 8· Θαλῆ( 194,16.

Γαλιλαῖοι 163, 2, 161, 10. ἓξὲἔζῖἑοὲθὲὁαῖ 10¹

Γερμανοί 180, 9, 184, 6, 18616. Θείβὴη( 227, α,

Δαρίδ 18811, 111, 2. 10; 1181. .
Δαρδανία 195‚12‚ Ἰακώβ 200, 10, 298, 4, 212,16,

Δάρδανος 19811. 14. ’ 930161 234, 4. 6.

Διαραςας 16,, 1,, Ἱεροεόλυρα 283, 7.
Ἱερουεαλημ 218,12.

Ἑβραῑκό( 207, 9. ,Ἰεεεαί 212, 1619), 213, 2.
‘espatm 104, 8. 18, 188, 11, 118,,ἰηαα81 118, 11, 111, 7. 8, 118, 1,
. 16*

 

