99999 ,9999999 ,99

ιΙ-ΙΙΙΙΙΙΙΙΙ

,999999 9999999999

. 999999999999,999993999999999,99999ἱ .

9, 4444 99, 9 ,9 9939 99.. ,99999 999. ,99 ,9999
..4444 99999939. ,99999999 999
044244444. 444. 9,.99 {4.44. 999. ,9999999
. . ‚4 4

μ,9 444 9999999999.. 999999
aa} 9,,9. ,9 ,999 9999. 99, 9,,,9 9
,9 ,9 9,,9. ,9999 9 444. 9,,,9 9,,9. ,99
99 ,39 9939, 4440 99 9934999 9399 9999999. 0484. 444
9999999399, 9999999493
9999999999 9999999 9999999999 99999999. 999999. 993,
99 44 ,9999 9,.999 44. ,99 44 4 999,
999, {44 9949999999. 9,,
. 99 9999ψ 4443, 9999 3999993. 3444- 44444„ 9999 4440,y 4444
9999999. 99999 ,9999 4434 99999999.
. ,,.,. 9999. 99999, 9,,,9 ,99 ,9,...9 4444 444.
{s 34444443444447 9999 9999,
,9999 ..999

99899 999 4424 93...

, 9999999999. ,9999999 ,9999999
4304 9242 ἂψ. 999.. 99993. aaa 938999 434
4000 >4444 4444 444 999939, 99 999929. 93339
,9, 999999 999 ,99 999 99, 9999. 99 99ῒ

9999, ,999999 9999999999 99999999 999 ,

 

